   1495772150.8883712        2610886.1077708360     
   1495088672.9588568        5220976.9106215928     
   1493949774.4064283        7829477.3458909066     
   1492355802.1522403        10435592.835361056     
   1490307241.7379527        13038529.527295301     
   1487804717.1778316        15637494.538253959     
   1484848990.7686653        18231696.194615513     
   1481440962.8575616        20820344.273729168     
   1477581671.5676913        23402650.244625486     
   1473272292.4820654        25977827.508211650     
   1468514138.2854378        28545091.636878312     
   1463308658.3644488        31103660.613444950     
   1457657438.3661246        33652755.069370985     
   1451562199.7148719        36191598.522160105     
   1445024799.0881131        38719417.611885481     
   1438047227.8507211        41235442.336763717     
   1430631611.4484284        43738906.287706062     
   1422780208.7603917        46229046.881775081     
   1414495411.4111137        48705105.594475850     
   1405779743.0419254        51166328.190811008     
   1396635858.5422592        53611964.955029093     
   1387066543.2409384        56041270.918996274     
   1377074712.0577366        58453506.089121975     
   1366663408.6154590        60847935.671769090     
   1355835804.3128228        63223830.297080308     
   1344595197.3584125        65580466.241152309     
   1332945011.7660100        67917125.646490023     
   1320888796.3116014        70233096.740674108     
   1308430223.4523802        72527674.053174645     
   1295573088.2080765        74800158.630245388     
   1282321307.0049520        77049858.247832716     
   1268678916.4828122        79276087.622434914     
   1254650072.2654014        81478168.619847074     
   1240239047.6945546        83655430.461728230     
   1225450232.5284877        85807209.929928124     
   1210288131.6046312        87932851.568510562     
   1194757363.4674048        90031707.883412689     
   1178862658.9613581        92103139.539678946     
   1162608859.7901018        94146515.556209505     
   1146000917.0414732        96161213.497964069     
   1129043889.6793771        98146619.665562734     
   1111742943.0027719        100102129.28222534     
   1094103347.0722594        102027146.67799345     
   1076130475.1047678        103921085.47117794     
   1057829801.8368096        105783368.74697724     
   1039206901.8568156        107613429.23321229     
   1020267447.9070536        109410709.47312368     
   1001017209.1556486        111174661.99517931     
   981462049.43922853        112904749.47984029     
   961607925.47673655        114600444.92323436     
   941460885.05494654        116261231.79768728     
   921027065.18624091        117886604.20906270     
   900312690.23920846        119476067.05086333     
   879324070.04263186        121029136.15504576     
   858067597.96344435        122545338.43950346     
   836549748.95923960        124024212.05217284     
   814777077.60592556        125465306.51171851     
   792756216.10113049        126868182.84475496     
   770493872.24396026        128232413.71956265     
   747996827.39172804        129557583.57625808     
   725271934.39427960        130843288.75337778     
   702326115.50653529        132089137.61083841     
   679166360.27989888        133294750.64923429     
   655799723.43315792        134459760.62543744     
   632233322.70354211        135583812.66446370     
   608474336.67857873        136666564.36757177     
   584530002.60941625        137707685.91656154     
   560407614.20627701        138706860.17424044     
   536114519.41671091        139663782.78102699     
   511658118.18733197        140578162.24766201     
   487045860.20970893        141449720.04399955     
   462285242.65110838        142278190.68385026     
   437383807.87077379        143063321.80585149     
   412349141.12243915        143804874.25033918     
   387188868.24377614        144502622.13219881     
   361910653.33347976        145156352.90967232     
   336522196.41669810        145765867.44910076     
   311031231.09951931        146330980.08558261     
   285445522.21323043        146851518.67952937     
   259772863.44906041        147327324.66910121     
   234021074.98413959        147758253.11850664     
   208198001.09938189        148144172.76215160     
   182311507.79003477        148484966.04462433     
   156369480.36960465        148780529.15650421     
   130379821.06790739        149030772.06598309     
   104350446.62395833        149235618.54629010     
   78289285.874445006        149395006.19891113     
   52204277.338520199        149508886.47259611     
   26103366.799634118        149577224.67814824     
  -5495.1148342742963        149599999.99899074     
  -26114355.355430290        149577205.49750787     
  -52215260.873207144        149508848.11715803     
  -78300261.042316318        149394948.68035883     
  -104361410.08185527        149235541.88214439     
  -130390769.47623920        149030676.27959669     
  -156380410.39336449        148780414.27705473     
  -182322416.09981596        148484832.10710531     
  -208208884.37239236        148144019.80736190     
  -234031929.90521246        147758081.19303805     
  -259783686.71166712        147327133.82532406     
  -285456310.52048463        146851308.97557682     
  -311041981.16518295        146330751.58533281     
  -336532904.96618086        145765620.22215745     
  -361921317.10483938        145156087.03134355     
  -387199483.98870915        144502337.68347409     
  -412359705.60727119        143804571.31786475     
  -437394317.87744647        143063000.48190388     
  -462295694.97815591        142277851.06630841     
  -487056251.67323667        141449362.23631468     
  -511668445.62198484        140577786.35882634     
  -536124779.67663711        139663388.92554045     
  -560417804.16608727        138706448.47207576     
  -584540119.16513634        137707256.49312779     
  -608484376.74859321        136666117.35367608     
  -632243283.22953379        135583348.19627148     
  -655809601.38103962        134459278.84443089     
  -679176152.64073825        133294251.70216924     
  -702335819.29747045        132088621.64969969     
  -725281546.65942800        130842755.93533286     
  -748006345.20308745        129557034.06360920     
  -770503292.70229828        128231847.67969759     
  -792765536.33687127        126867600.45009571     
  -814786294.78002226        125464707.93966895     
  -836558860.26403856        124023597.48506463     
  -858076600.62354052        122544708.06454062     
  -879332961.31571460        121028490.16424753     
  -900321467.41689801        119475405.64100562     
  -921035725.59491134        117885927.58161829     
  -941469426.05654037        116260540.15876445     
  -961616344.46957052        114599738.48351403     
  -981470343.85878336        112904028.45451181     
  -1001025376.4753523        111173926.60387503     
  -1020275485.6390501        109409959.93985192     
  -1039214807.5527216        107612665.78628929     
  -1057837573.0884625        105782591.61895740     
  -1076138109.5449579        103920294.89878307     
  -1094110842.3754520        102026342.90204069     
  -1111750296.8858142        100101312.54755373     
  -1129051099.9021945        98145790.220958784     
  -1146007981.4077518        96160371.596085787     
  -1162615776.1479566        94145661.453509584     
  -1178869425.2039902        92102273.496326551     
  -1194763977.5337417        90030830.163214236     
  -1210294591.4799542        87931962.438829392     
  -1225456536.2450471        85806309.661603078     
  -1240245193.3321683        83654519.328990951     
  -1254656057.9520407        81477246.900238693     
  -1268684740.3951695        79275155.596721560     
  -1282326967.3689992        77048916.199919775     
  -1295578583.2996039        74799206.847091049     
  -1308435551.5975218        72526712.824702665     
  -1320893955.8873446        70232126.359685391     
  -1332950001.2006915        67916146.408573344     
  -1344600015.1321943        65579478.444594473     
  -1355840448.9581578        63222834.242775083     
  -1366667878.7175367        60846931.663125664     
  -1377079006.2549138        58452494.431972608     
  -1387070660.2251554        56040251.921502978     
  -1396639797.0594366        53610938.927589752     
  -1405783501.8923473        51165295.445964992     
  -1414498989.4497924        48704066.446808785     
  -1422783604.8974166        46228001.647822887     
  -1430634824.6492987        43737855.285858549     
  -1438050257.1366601        41234385.887167715     
  -1445027643.5363667        38718356.036347285     
  -1451564858.4589894        36190532.144047566     
  -1457659910.5962231        33651684.213514574     
  -1463310943.3274596        31102585.606039274     
  -1468516235.2853355        28544012.805382628     
  -1473274200.8800807        25976745.181249958     
  -1477583390.7825053        23401564.751886599     
  -1481442492.3654819        20819255.945866376     
  -1484850330.1037872        18230605.363145377     
  -1487805865.9321783        15636401.535455933     
  -1490308199.5616012        13037434.686110307     
  -1492356568.7534263        10434496.489289757     
  -1493950349.5516372        7828379.8288925672     
  -1495089056.4728928        5219878.5570120150     
  -1495772342.6544116        2609787.2521207361     
  -1495999999.9596307       -1099.0229668474449     
  -1495771959.0416045       -2611984.9632799560     
  -1495088289.3641315       -5222075.2639493886     
  -1493949199.1805913       -7830574.8624666827     
  -1492355035.4705119       -10436689.180869132     
  -1490306283.8338730       -13039624.367776655     
  -1487803568.3431888       -15638587.540207950     
  -1484847651.3534069       -18232787.025101662     
  -1481439433.2696884       -20821432.600468393     
  -1477579952.2731328       -23403735.736101232     
  -1473270384.0045378       -25978909.833771288     
  -1468512041.2062848       -28546170.466833446     
  -1463306373.3224638       -31104735.619171929     
  -1457654966.0573568       -33653825.923411183     
  -1451559540.8924139       -36192664.898319475     
  -1445021954.5618718       -38720479.185333930     
  -1438044198.4871709       -41236498.784134246     
  -1430628398.1703470       -43739957.287193075     
  -1422776812.5465798       -46230092.113232315     
  -1414491833.2960951       -48706144.739514314     
  -1405775984.1156342       -51167360.932895511     
  -1396631919.9497056       -53612990.979574978     
  -1387062426.1818619       -56042289.913465083     
  -1377070417.7862389       -58454517.743116610     
  -1366658938.4396229       -60848939.677128546     
  -1355831159.5943134       -63224826.347973414     
  -1344590379.5120635       -65581454.034170754     
  -1332940022.2593904       -67918104.880741209     
  -1320883636.6645699       -70234067.117872402     
  -1308424895.2366233       -72528635.277732313     
  -1295567593.0466275       -74801110.409362793     
  -1282315646.5716980       -77050800.291587368     
  -1268673092.5019848       -79277019.643869713     
  -1254644086.5110495       -81479090.335058019     
  -1240232901.9900043       -83656341.589950725     
  -1225443928.7457910       -85808110.193622217     
  -1210281671.6639891       -87933740.693445995     
  -1194750749.3365872       -90032585.598752171     
  -1178855892.6551027       -92104005.578060552     
  -1162601943.3695009       -94147369.653828368     
  -1145993852.6133447       -96162055.394652590     
  -1129036679.3956258       -98147449.104869708     
  -1111735589.0597289       -100102946.01149446     
  -1094095851.7100184       -102027950.44843985     
  -1076122840.6064987       -103921876.03796422     
  -1057822030.5280654       -105784145.86928801     
  -1039198996.1048239       -107614192.67432740     
  -1020259410.1199939       -109411459.00049053     
  -1001009041.7819197       -111175397.38048355     
  -981453754.96670473       -112905470.49907526     
  -961599506.43200457       -114601151.35676976     
  -941452344.00254214       -116261923.43033548     
  -921018404.72786355       -117887280.83014475     
  -900303913.01292992       -119476728.45427291     
  -879315178.72209167       -121029782.13931213     
  -858058595.25703883       -122545968.80785255     
  -836540637.60929263       -124024826.61258745     
  -814767860.38785493       -125465905.07699680     
  -792746895.82260430       -126868765.23256719     
  -770484451.74403882       -128232979.75250705     
  -747987309.53999960       -129558133.08191472     
  -725262322.08998919       -130843821.56436110     
  -702316411.67769587       -132089653.56484833     
  -679156567.88240504       -133295249.58910547     
  -655789845.44988334       -134460242.39918721     
  -632223362.14342892       -135584277.12533849     
  -608464296.57572544       -136667011.37409160     
  -584519886.02214956       -137708115.33256322     
  -560397424.21622038       -138707271.86891916     
  -536104259.12785167       -139664176.62897587     
  -511647790.72506517       -140578538.12891069     
  -487035468.71989572       -141450077.84405041     
  -462274790.29911208       -142278530.29371339     
  -437373297.84049565       -143063643.12207800     
  -412338576.61535233       -143805177.17505252     
  -387178252.47794706       -144502906.57312480     
  -361899989.54258728       -145156618.78016707     
  -336511487.84905273       -145766114.66817716     
  -311020481.01707000       -146331208.57793495     
  -285434733.89057118       -146851728.37555638     
  -259762040.17243350       -147327515.50492716     
  -234010220.05043596       -147758425.03600079     
  -208187117.81513566       -148144325.70894596     
  -182300599.47041330       -148485099.97412965     
  -156358550.33740526       -148780644.02792406     
  -130368872.65253901       -149030867.84432635     
  -104339483.16042827       -149235695.20238161     
  -78278310.702349752       -149395063.70940059     
  -52193293.801015489       -149508924.81996521     
  -26092378.242429152       -149577243.85071594     
   16485.344503190674       -149599999.99091688     
   26125343.909817744       -149577186.30879489     
   52226244.405075036       -149508809.75365102     
   78311236.205961466       -149394891.15374374     
   104372373.53411920       -149235465.20994446     
   130401717.87753320       -149030580.48516715     
   156391340.40868485       -148780299.38957560     
   182333324.39975691       -148484698.16157264     
   208219767.63416487       -148143866.84457695     
   234042784.81365573       -147757909.25959492     
   259794509.96025375       -147326942.97359571     
   285467098.81233245       -146851099.26369873     
   311052731.21405882       -146330523.07718557     
   336543613.49750197       -145765372.98734716     
   361931980.85666627       -145155821.14518073     
   387210099.71274471       -144502053.22695059     
   412370270.06984961       -143804268.37762916     
   437404827.86051279       -143062679.15023524     
   462306147.28025347       -142277511.44108787     
   487066643.11047900       -141449004.42099580     
   511678773.02902192       -140577410.46240374     
   536135039.90762913       -139662995.06251627     
   560427994.09565234       -138706036.76242515     
   584550235.68930852       -137706827.06226200     
   608494416.78576803       -136665670.33240455     
   632253243.72140324       -135582883.72076190     
   655819479.29352748       -134458797.05616760     
   679185944.96492338       -133293752.74791029     
   702345523.05050015       -132088105.68143219     
   725291158.88543296       -130842223.11022636     
   748015862.97407579       -129556484.54396825     
   770512713.11905181       -128231281.63291192     
   792774856.52982771       -126867018.04858942     
   814795511.91014528       -125464109.36084807     
   836567971.52368796       -124022982.91126294     
   858085603.23732710       -122544077.68296404     
   879341852.54134095       -121027844.16691734     
   900330244.54599726       -119474744.22469984     
   921044385.95387280       -117885250.94781168     
   941477967.00732398       -116259848.51356706     
   961624763.41050613       -114599032.03760876     
   981478638.22536862       -112903307.42308995     
   1001033543.7410314       -111173191.20657067     
   1020283523.3159813       -109409210.40067548     
   1039222713.1925416       -107611902.33355846     
   1057845344.2830244       -105781814.48522848     
   1076145743.9270699       -103919504.32077964     
   1094118337.6195962       -102025539.12058151     
   1111757650.7088559       -100100495.80747968     
   1129058310.0640774       -98144960.771057904     
   1146015045.7121809       -96159529.689017698     
   1162622692.4430654       -94144807.345728695     
   1178876191.3829994       -92101407.448003426     
   1194770591.5355971       -90029952.438156903     
   1210301051.2899578       -87931073.304402635     
   1225462839.8954697       -85805409.388646960     
   1240251338.9028468       -83653608.191738844     
   1254662043.5709667       -81476325.176232994     
   1268690564.2390566       -79274223.566729695     
   1282332627.6638391       -77047974.147848532     
   1295584078.3212099       -74798255.059899703     
   1308440879.6720469       -72525751.592316508     
   1320899115.3917994       -70231155.974906296     
   1332954990.5634336       -67915167.166991264     
   1344604832.8334084       -65578490.644497313     
   1355845093.5303180       -63221838.185057804     
   1366672348.7458556       -60845927.651198387     
   1377083300.3777707       -58451482.771668583     
   1387074777.1345124       -56039232.920985170     
   1396643735.5012379       -53609912.897256993     
   1405787260.6668992       -51164262.698357649     
   1414502567.4121308       -48703027.296513170     
   1422787000.9576550       -46226956.411375619     
   1430638037.7729583       -43736804.281650446     
   1438053286.3449876       -41233329.435346469     
   1445030487.9066327       -38717294.458719477     
   1451567517.1247668       -36189465.763981663     
   1457662382.7476521       -33650613.355842054     
   1463313228.2114961       -31101510.596954890     
   1468518332.2059782       -28542933.972346421     
   1473276109.1985838       -25975662.852886390     
   1477585109.9175742       -23400479.257884923     
   1481444021.7934492       -20818167.616879858     
   1484851669.3587716       -18229514.530691449     
   1487807014.6062284       -15635308.531814218     
   1490309157.3048177       -13036339.844221596     
   1492357335.2740705       -10433400.142655319     
   1493950924.6162179       -7827282.3114717025     
   1495089439.9062390       -5218780.2031206591     
   1495772534.3397255       -2608688.3963298220     
   1495999999.8385227        2198.0459336355757     
