    0.10000000  1.66666669
 
    0.20000000  1.66666669
 
    0.30000000  1.66666669
 
    0.40000000  1.66666669
 
    0.50000000  1.66666669
 
    0.60000000  1.66666669
 
    0.70000000  1.66666669
 
    0.80000000  1.66666669
 
    0.90000000  1.66666669
 
    1.00000000  1.66666669
 
    1.10000000  1.66666669
 
    1.20000000  1.66666669
 
    1.30000000  1.66666669
 
    1.40000000  1.66666669
 
    1.50000000  1.66666669
 
    1.60000000  1.66666669
 
    1.70000000  1.66666669
 
    1.80000000  1.66666669
 
    1.90000000  1.66666669
 
    2.00000000  1.66666669
 
    2.10000000  1.66666669
 
    2.20000000  1.66666669
 
    2.30000000  1.66666669
 
    2.40000000  1.66666669
 
    2.50000000  1.66666669
 
    2.60000000  1.66666669
 
    2.70000000  1.66666669
 
    2.80000000  1.66666669
 
    2.90000000  1.66666669
 
    3.00000000  1.66666669
 
    3.10000000  1.66666669
 
    3.20000000  1.66666669
 
    3.30000000  1.66666669
 
    3.40000000  1.66666669
 
    3.50000000  1.66666669
 
    3.60000000  1.66666669
 
    3.70000000  1.66666669
 
    3.80000000  1.66666669
 
    3.90000000  1.66666669
 
    4.00000000  1.66666669
 
    4.10000000  1.66666669
 
    4.20000000  1.66666669
 
    4.30000000  1.66666669
 
    4.40000000  1.66666669
 
    4.50000000  1.66666669
 
    4.60000000  1.66666669
 
    4.70000000  1.66666669
 
    4.80000000  1.66666669
 
    4.90000000  1.66666669
 
    5.00000000  1.66666669
 
    5.10000000  1.66666669
 
    5.20000000  1.66666669
 
    5.30000000  1.66666669
 
    5.40000000  1.66666669
 
    5.50000000  1.66666669
 
    5.60000000  1.66666669
 
    5.70000000  1.66666669
 
    5.80000000  1.66666669
 
    5.90000000  1.66666669
 
    6.00000000  1.66666669
 
    6.10000000  1.66666669
 
    6.20000000  1.66666669
 
    6.30000000  1.66666669
 
    6.40000000  1.66666669
 
    6.50000000  1.66666669
 
    6.60000000  1.66666669
 
    6.70000000  1.66666669
 
    6.80000000  1.66666669
 
    6.90000000  1.66666669
 
    7.00000000  1.66666669
 
    7.10000000  1.66666669
 
    7.20000000  1.66666669
 
    7.30000000  1.66666669
 
    7.40000000  1.66666669
 
    7.50000000  1.66666669
 
    7.60000000  1.66666669
 
    7.70000000  1.66666669
 
    7.80000000  1.66666669
 
    7.90000000  1.66666669
 
    8.00000000  1.66666669
 
    8.10000000  1.66666669
 
    8.20000000  1.66666669
 
    8.30000000  1.66666669
 
    8.40000000  1.66666669
 
    8.50000000  1.66666669
 
    8.60000000  1.66666669
 
    8.70000000  1.66666669
 
    8.80000000  1.66666669
 
    8.90000000  1.66666669
 
    9.00000000  1.66666669
 
    9.10000000  1.66666669
 
    9.20000000  1.66666669
 
    9.30000000  1.66666669
 
    9.40000000  1.66666669
 
    9.50000000  1.66666669
 
    9.60000000  1.66666669
 
    9.70000000  1.66666669
 
    9.80000000  1.66666669
 
    9.90000000  1.66666669
 
   10.00000000  1.66666669
 
    0.10000000  1.63809526
 
    0.20000000  1.63809526
 
    0.30000000  1.63809526
 
    0.40000000  1.63809526
 
    0.50000000  1.63809526
 
    0.60000000  1.63809526
 
    0.70000000  1.63809526
 
    0.80000000  1.63809526
 
    0.90000000  1.63809526
 
    1.00000000  1.63809526
 
    1.10000000  1.63809526
 
    1.20000000  1.63809526
 
    1.30000000  1.63809526
 
    1.40000000  1.63809526
 
    1.50000000  1.63809526
 
    1.60000000  1.63809526
 
    1.70000000  1.63809526
 
    1.80000000  1.63809526
 
    1.90000000  1.63809526
 
    2.00000000  1.63809526
 
    2.10000000  1.63809526
 
    2.20000000  1.63809526
 
    2.30000000  1.63809526
 
    2.40000000  1.63809526
 
    2.50000000  1.63809526
 
    2.60000000  1.63809526
 
    2.70000000  1.63809526
 
    2.80000000  1.63809526
 
    2.90000000  1.63809526
 
    3.00000000  1.63809526
 
    3.10000000  1.63809526
 
    3.20000000  1.63809526
 
    3.30000000  1.63809526
 
    3.40000000  1.63809526
 
    3.50000000  1.63809526
 
    3.60000000  1.63809526
 
    3.70000000  1.63809526
 
    3.80000000  1.63809526
 
    3.90000000  1.63809526
 
    4.00000000  1.63809526
 
    4.10000000  1.63809526
 
    4.20000000  1.63809526
 
    4.30000000  1.63809526
 
    4.40000000  1.63809526
 
    4.50000000  1.63809526
 
    4.60000000  1.63809526
 
    4.70000000  1.63809526
 
    4.80000000  1.63809526
 
    4.90000000  1.63809526
 
    5.00000000  1.63809526
 
    5.10000000  1.63809526
 
    5.20000000  1.63809526
 
    5.30000000  1.63809526
 
    5.40000000  1.63809526
 
    5.50000000  1.63809526
 
    5.60000000  1.63809526
 
    5.70000000  1.63809526
 
    5.80000000  1.63809526
 
    5.90000000  1.63809526
 
    6.00000000  1.63809526
 
    6.10000000  1.63809526
 
    6.20000000  1.63809526
 
    6.30000000  1.63809526
 
    6.40000000  1.63809526
 
    6.50000000  1.63809526
 
    6.60000000  1.63809526
 
    6.70000000  1.63809526
 
    6.80000000  1.63809526
 
    6.90000000  1.63809526
 
    7.00000000  1.63809526
 
    7.10000000  1.63809526
 
    7.20000000  1.63809526
 
    7.30000000  1.63809526
 
    7.40000000  1.63809526
 
    7.50000000  1.63809526
 
    7.60000000  1.63809526
 
    7.70000000  1.63809526
 
    7.80000000  1.63809526
 
    7.90000000  1.63809526
 
    8.00000000  1.63809526
 
    8.10000000  1.63809526
 
    8.20000000  1.63809526
 
    8.30000000  1.63809526
 
    8.40000000  1.63809526
 
    8.50000000  1.63809526
 
    8.60000000  1.63809526
 
    8.70000000  1.63809526
 
    8.80000000  1.63809526
 
    8.90000000  1.63809526
 
    9.00000000  1.63809526
 
    9.10000000  1.63809526
 
    9.20000000  1.63809526
 
    9.30000000  1.63809526
 
    9.40000000  1.63809526
 
    9.50000000  1.63809526
 
    9.60000000  1.63809526
 
    9.70000000  1.63809526
 
    9.80000000  1.63809526
 
    9.90000000  1.63809526
 
   10.00000000  1.63809526
 
    0.10000000  1.62799424
 
    0.20000000  1.62799424
 
    0.30000000  1.62799424
 
    0.40000000  1.62799424
 
    0.50000000  1.62799424
 
    0.60000000  1.62799424
 
    0.70000000  1.62799424
 
    0.80000000  1.62799424
 
    0.90000000  1.62799424
 
    1.00000000  1.62799424
 
    1.10000000  1.62799424
 
    1.20000000  1.62799424
 
    1.30000000  1.62799424
 
    1.40000000  1.62799424
 
    1.50000000  1.62799424
 
    1.60000000  1.62799424
 
    1.70000000  1.62799424
 
    1.80000000  1.62799424
 
    1.90000000  1.62799424
 
    2.00000000  1.62799424
 
    2.10000000  1.62799424
 
    2.20000000  1.62799424
 
    2.30000000  1.62799424
 
    2.40000000  1.62799424
 
    2.50000000  1.62799424
 
    2.60000000  1.62799424
 
    2.70000000  1.62799424
 
    2.80000000  1.62799424
 
    2.90000000  1.62799424
 
    3.00000000  1.62799424
 
    3.10000000  1.62799424
 
    3.20000000  1.62799424
 
    3.30000000  1.62799424
 
    3.40000000  1.62799424
 
    3.50000000  1.62799424
 
    3.60000000  1.62799424
 
    3.70000000  1.62799424
 
    3.80000000  1.62799424
 
    3.90000000  1.62799424
 
    4.00000000  1.62799424
 
    4.10000000  1.62799424
 
    4.20000000  1.62799424
 
    4.30000000  1.62799424
 
    4.40000000  1.62799424
 
    4.50000000  1.62799424
 
    4.60000000  1.62799424
 
    4.70000000  1.62799424
 
    4.80000000  1.62799424
 
    4.90000000  1.62799424
 
    5.00000000  1.62799424
 
    5.10000000  1.62799424
 
    5.20000000  1.62799424
 
    5.30000000  1.62799424
 
    5.40000000  1.62799424
 
    5.50000000  1.62799424
 
    5.60000000  1.62799424
 
    5.70000000  1.62799424
 
    5.80000000  1.62799424
 
    5.90000000  1.62799424
 
    6.00000000  1.62799424
 
    6.10000000  1.62799424
 
    6.20000000  1.62799424
 
    6.30000000  1.62799424
 
    6.40000000  1.62799424
 
    6.50000000  1.62799424
 
    6.60000000  1.62799424
 
    6.70000000  1.62799424
 
    6.80000000  1.62799424
 
    6.90000000  1.62799424
 
    7.00000000  1.62799424
 
    7.10000000  1.62799424
 
    7.20000000  1.62799424
 
    7.30000000  1.62799424
 
    7.40000000  1.62799424
 
    7.50000000  1.62799424
 
    7.60000000  1.62799424
 
    7.70000000  1.62799424
 
    7.80000000  1.62799424
 
    7.90000000  1.62799424
 
    8.00000000  1.62799424
 
    8.10000000  1.62799424
 
    8.20000000  1.62799424
 
    8.30000000  1.62799424
 
    8.40000000  1.62799424
 
    8.50000000  1.62799424
 
    8.60000000  1.62799424
 
    8.70000000  1.62799424
 
    8.80000000  1.62799424
 
    8.90000000  1.62799424
 
    9.00000000  1.62799424
 
    9.10000000  1.62799424
 
    9.20000000  1.62799424
 
    9.30000000  1.62799424
 
    9.40000000  1.62799424
 
    9.50000000  1.62799424
 
    9.60000000  1.62799424
 
    9.70000000  1.62799424
 
    9.80000000  1.62799424
 
    9.90000000  1.62799424
 
   10.00000000  1.62799424
 
    0.10000000  1.62286603
 
    0.20000000  1.62286603
 
    0.30000000  1.62286603
 
    0.40000000  1.62286603
 
    0.50000000  1.62286603
 
    0.60000000  1.62286603
 
    0.70000000  1.62286603
 
    0.80000000  1.62286603
 
    0.90000000  1.62286603
 
    1.00000000  1.62286603
 
    1.10000000  1.62286603
 
    1.20000000  1.62286603
 
    1.30000000  1.62286603
 
    1.40000000  1.62286603
 
    1.50000000  1.62286603
 
    1.60000000  1.62286603
 
    1.70000000  1.62286603
 
    1.80000000  1.62286603
 
    1.90000000  1.62286603
 
    2.00000000  1.62286603
 
    2.10000000  1.62286603
 
    2.20000000  1.62286603
 
    2.30000000  1.62286603
 
    2.40000000  1.62286603
 
    2.50000000  1.62286603
 
    2.60000000  1.62286603
 
    2.70000000  1.62286603
 
    2.80000000  1.62286603
 
    2.90000000  1.62286603
 
    3.00000000  1.62286603
 
    3.10000000  1.62286603
 
    3.20000000  1.62286603
 
    3.30000000  1.62286603
 
    3.40000000  1.62286603
 
    3.50000000  1.62286603
 
    3.60000000  1.62286603
 
    3.70000000  1.62286603
 
    3.80000000  1.62286603
 
    3.90000000  1.62286603
 
    4.00000000  1.62286603
 
    4.10000000  1.62286603
 
    4.20000000  1.62286603
 
    4.30000000  1.62286603
 
    4.40000000  1.62286603
 
    4.50000000  1.62286603
 
    4.60000000  1.62286603
 
    4.70000000  1.62286603
 
    4.80000000  1.62286603
 
    4.90000000  1.62286603
 
    5.00000000  1.62286603
 
    5.10000000  1.62286603
 
    5.20000000  1.62286603
 
    5.30000000  1.62286603
 
    5.40000000  1.62286603
 
    5.50000000  1.62286603
 
    5.60000000  1.62286603
 
    5.70000000  1.62286603
 
    5.80000000  1.62286603
 
    5.90000000  1.62286603
 
    6.00000000  1.62286603
 
    6.10000000  1.62286603
 
    6.20000000  1.62286603
 
    6.30000000  1.62286603
 
    6.40000000  1.62286603
 
    6.50000000  1.62286603
 
    6.60000000  1.62286603
 
    6.70000000  1.62286603
 
    6.80000000  1.62286603
 
    6.90000000  1.62286603
 
    7.00000000  1.62286603
 
    7.10000000  1.62286603
 
    7.20000000  1.62286603
 
    7.30000000  1.62286603
 
    7.40000000  1.62286603
 
    7.50000000  1.62286603
 
    7.60000000  1.62286603
 
    7.70000000  1.62286603
 
    7.80000000  1.62286603
 
    7.90000000  1.62286603
 
    8.00000000  1.62286603
 
    8.10000000  1.62286603
 
    8.20000000  1.62286603
 
    8.30000000  1.62286603
 
    8.40000000  1.62286603
 
    8.50000000  1.62286603
 
    8.60000000  1.62286603
 
    8.70000000  1.62286603
 
    8.80000000  1.62286603
 
    8.90000000  1.62286603
 
    9.00000000  1.62286603
 
    9.10000000  1.62286603
 
    9.20000000  1.62286603
 
    9.30000000  1.62286603
 
    9.40000000  1.62286603
 
    9.50000000  1.62286603
 
    9.60000000  1.62286603
 
    9.70000000  1.62286603
 
    9.80000000  1.62286603
 
    9.90000000  1.62286603
 
   10.00000000  1.62286603
 
    0.10000000  1.61977005
 
    0.20000000  1.61977005
 
    0.30000000  1.61977005
 
    0.40000000  1.61977005
 
    0.50000000  1.61977005
 
    0.60000000  1.61977005
 
    0.70000000  1.61977005
 
    0.80000000  1.61977005
 
    0.90000000  1.61977005
 
    1.00000000  1.61977005
 
    1.10000000  1.61977005
 
    1.20000000  1.61977005
 
    1.30000000  1.61977005
 
    1.40000000  1.61977005
 
    1.50000000  1.61977005
 
    1.60000000  1.61977005
 
    1.70000000  1.61977005
 
    1.80000000  1.61977005
 
    1.90000000  1.61977005
 
    2.00000000  1.61977005
 
    2.10000000  1.61977005
 
    2.20000000  1.61977005
 
    2.30000000  1.61977005
 
    2.40000000  1.61977005
 
    2.50000000  1.61977005
 
    2.60000000  1.61977005
 
    2.70000000  1.61977005
 
    2.80000000  1.61977005
 
    2.90000000  1.61977005
 
    3.00000000  1.61977005
 
    3.10000000  1.61977005
 
    3.20000000  1.61977005
 
    3.30000000  1.61977005
 
    3.40000000  1.61977005
 
    3.50000000  1.61977005
 
    3.60000000  1.61977005
 
    3.70000000  1.61977005
 
    3.80000000  1.61977005
 
    3.90000000  1.61977005
 
    4.00000000  1.61977005
 
    4.10000000  1.61977005
 
    4.20000000  1.61977005
 
    4.30000000  1.61977005
 
    4.40000000  1.61977005
 
    4.50000000  1.61977005
 
    4.60000000  1.61977005
 
    4.70000000  1.61977005
 
    4.80000000  1.61977005
 
    4.90000000  1.61977005
 
    5.00000000  1.61977005
 
    5.10000000  1.61977005
 
    5.20000000  1.61977005
 
    5.30000000  1.61977005
 
    5.40000000  1.61977005
 
    5.50000000  1.61977005
 
    5.60000000  1.61977005
 
    5.70000000  1.61977005
 
    5.80000000  1.61977005
 
    5.90000000  1.61977005
 
    6.00000000  1.61977005
 
    6.10000000  1.61977005
 
    6.20000000  1.61977005
 
    6.30000000  1.61977005
 
    6.40000000  1.61977005
 
    6.50000000  1.61977005
 
    6.60000000  1.61977005
 
    6.70000000  1.61977005
 
    6.80000000  1.61977005
 
    6.90000000  1.61977005
 
    7.00000000  1.61977005
 
    7.10000000  1.61977005
 
    7.20000000  1.61977005
 
    7.30000000  1.61977005
 
    7.40000000  1.61977005
 
    7.50000000  1.61977005
 
    7.60000000  1.61977005
 
    7.70000000  1.61977005
 
    7.80000000  1.61977005
 
    7.90000000  1.61977005
 
    8.00000000  1.61977005
 
    8.10000000  1.61977005
 
    8.20000000  1.61977005
 
    8.30000000  1.61977005
 
    8.40000000  1.61977005
 
    8.50000000  1.61977005
 
    8.60000000  1.61977005
 
    8.70000000  1.61977005
 
    8.80000000  1.61977005
 
    8.90000000  1.61977005
 
    9.00000000  1.61977005
 
    9.10000000  1.61977005
 
    9.20000000  1.61977005
 
    9.30000000  1.61977005
 
    9.40000000  1.61977005
 
    9.50000000  1.61977005
 
    9.60000000  1.61977005
 
    9.70000000  1.61977005
 
    9.80000000  1.61977005
 
    9.90000000  1.61977005
 
   10.00000000  1.61977005
 
    0.10000000  1.61769962
 
    0.20000000  1.61769962
 
    0.30000000  1.61769962
 
    0.40000000  1.61769962
 
    0.50000000  1.61769962
 
    0.60000000  1.61769962
 
    0.70000000  1.61769962
 
    0.80000000  1.61769962
 
    0.90000000  1.61769962
 
    1.00000000  1.61769962
 
    1.10000000  1.61769962
 
    1.20000000  1.61769962
 
    1.30000000  1.61769962
 
    1.40000000  1.61769962
 
    1.50000000  1.61769962
 
    1.60000000  1.61769962
 
    1.70000000  1.61769962
 
    1.80000000  1.61769962
 
    1.90000000  1.61769962
 
    2.00000000  1.61769962
 
    2.10000000  1.61769962
 
    2.20000000  1.61769962
 
    2.30000000  1.61769962
 
    2.40000000  1.61769962
 
    2.50000000  1.61769962
 
    2.60000000  1.61769962
 
    2.70000000  1.61769962
 
    2.80000000  1.61769962
 
    2.90000000  1.61769962
 
    3.00000000  1.61769962
 
    3.10000000  1.61769962
 
    3.20000000  1.61769962
 
    3.30000000  1.61769962
 
    3.40000000  1.61769962
 
    3.50000000  1.61769962
 
    3.60000000  1.61769962
 
    3.70000000  1.61769962
 
    3.80000000  1.61769962
 
    3.90000000  1.61769962
 
    4.00000000  1.61769962
 
    4.10000000  1.61769962
 
    4.20000000  1.61769962
 
    4.30000000  1.61769962
 
    4.40000000  1.61769962
 
    4.50000000  1.61769962
 
    4.60000000  1.61769962
 
    4.70000000  1.61769962
 
    4.80000000  1.61769962
 
    4.90000000  1.61769962
 
    5.00000000  1.61769962
 
    5.10000000  1.61769962
 
    5.20000000  1.61769962
 
    5.30000000  1.61769962
 
    5.40000000  1.61769962
 
    5.50000000  1.61769962
 
    5.60000000  1.61769962
 
    5.70000000  1.61769962
 
    5.80000000  1.61769962
 
    5.90000000  1.61769962
 
    6.00000000  1.61769962
 
    6.10000000  1.61769962
 
    6.20000000  1.61769962
 
    6.30000000  1.61769962
 
    6.40000000  1.61769962
 
    6.50000000  1.61769962
 
    6.60000000  1.61769962
 
    6.70000000  1.61769962
 
    6.80000000  1.61769962
 
    6.90000000  1.61769962
 
    7.00000000  1.61769962
 
    7.10000000  1.61769962
 
    7.20000000  1.61769962
 
    7.30000000  1.61769962
 
    7.40000000  1.61769962
 
    7.50000000  1.61769962
 
    7.60000000  1.61769962
 
    7.70000000  1.61769962
 
    7.80000000  1.61769962
 
    7.90000000  1.61769962
 
    8.00000000  1.61769962
 
    8.10000000  1.61769962
 
    8.20000000  1.61769962
 
    8.30000000  1.61769962
 
    8.40000000  1.61769962
 
    8.50000000  1.61769962
 
    8.60000000  1.61769962
 
    8.70000000  1.61769962
 
    8.80000000  1.61769962
 
    8.90000000  1.61769962
 
    9.00000000  1.61769962
 
    9.10000000  1.61769962
 
    9.20000000  1.61769962
 
    9.30000000  1.61769962
 
    9.40000000  1.61769962
 
    9.50000000  1.61769962
 
    9.60000000  1.61769962
 
    9.70000000  1.61769962
 
    9.80000000  1.61769962
 
    9.90000000  1.61769962
 
   10.00000000  1.61769962
 
    0.10000000  1.61621815
 
    0.20000000  1.61621815
 
    0.30000000  1.61621815
 
    0.40000000  1.61621815
 
    0.50000000  1.61621815
 
    0.60000000  1.61621815
 
    0.70000000  1.61621815
 
    0.80000000  1.61621815
 
    0.90000000  1.61621815
 
    1.00000000  1.61621815
 
    1.10000000  1.61621815
 
    1.20000000  1.61621815
 
    1.30000000  1.61621815
 
    1.40000000  1.61621815
 
    1.50000000  1.61621815
 
    1.60000000  1.61621815
 
    1.70000000  1.61621815
 
    1.80000000  1.61621815
 
    1.90000000  1.61621815
 
    2.00000000  1.61621815
 
    2.10000000  1.61621815
 
    2.20000000  1.61621815
 
    2.30000000  1.61621815
 
    2.40000000  1.61621815
 
    2.50000000  1.61621815
 
    2.60000000  1.61621815
 
    2.70000000  1.61621815
 
    2.80000000  1.61621815
 
    2.90000000  1.61621815
 
    3.00000000  1.61621815
 
    3.10000000  1.61621815
 
    3.20000000  1.61621815
 
    3.30000000  1.61621815
 
    3.40000000  1.61621815
 
    3.50000000  1.61621815
 
    3.60000000  1.61621815
 
    3.70000000  1.61621815
 
    3.80000000  1.61621815
 
    3.90000000  1.61621815
 
    4.00000000  1.61621815
 
    4.10000000  1.61621815
 
    4.20000000  1.61621815
 
    4.30000000  1.61621815
 
    4.40000000  1.61621815
 
    4.50000000  1.61621815
 
    4.60000000  1.61621815
 
    4.70000000  1.61621815
 
    4.80000000  1.61621815
 
    4.90000000  1.61621815
 
    5.00000000  1.61621815
 
    5.10000000  1.61621815
 
    5.20000000  1.61621815
 
    5.30000000  1.61621815
 
    5.40000000  1.61621815
 
    5.50000000  1.61621815
 
    5.60000000  1.61621815
 
    5.70000000  1.61621815
 
    5.80000000  1.61621815
 
    5.90000000  1.61621815
 
    6.00000000  1.61621815
 
    6.10000000  1.61621815
 
    6.20000000  1.61621815
 
    6.30000000  1.61621815
 
    6.40000000  1.61621815
 
    6.50000000  1.61621815
 
    6.60000000  1.61621815
 
    6.70000000  1.61621815
 
    6.80000000  1.61621815
 
    6.90000000  1.61621815
 
    7.00000000  1.61621815
 
    7.10000000  1.61621815
 
    7.20000000  1.61621815
 
    7.30000000  1.61621815
 
    7.40000000  1.61621815
 
    7.50000000  1.61621815
 
    7.60000000  1.61621815
 
    7.70000000  1.61621815
 
    7.80000000  1.61621815
 
    7.90000000  1.61621815
 
    8.00000000  1.61621815
 
    8.10000000  1.61621815
 
    8.20000000  1.61621815
 
    8.30000000  1.61621815
 
    8.40000000  1.61621815
 
    8.50000000  1.61621815
 
    8.60000000  1.61621815
 
    8.70000000  1.61621815
 
    8.80000000  1.61621815
 
    8.90000000  1.61621815
 
    9.00000000  1.61621815
 
    9.10000000  1.61621815
 
    9.20000000  1.61621815
 
    9.30000000  1.61621815
 
    9.40000000  1.61621815
 
    9.50000000  1.61621815
 
    9.60000000  1.61621815
 
    9.70000000  1.61621815
 
    9.80000000  1.61621815
 
    9.90000000  1.61621815
 
   10.00000000  1.61621815
 
    0.10000000  1.61510581
 
    0.20000000  1.61510581
 
    0.30000000  1.61510581
 
    0.40000000  1.61510581
 
    0.50000000  1.61510581
 
    0.60000000  1.61510581
 
    0.70000000  1.61510581
 
    0.80000000  1.61510581
 
    0.90000000  1.61510581
 
    1.00000000  1.61510581
 
    1.10000000  1.61510581
 
    1.20000000  1.61510581
 
    1.30000000  1.61510581
 
    1.40000000  1.61510581
 
    1.50000000  1.61510581
 
    1.60000000  1.61510581
 
    1.70000000  1.61510581
 
    1.80000000  1.61510581
 
    1.90000000  1.61510581
 
    2.00000000  1.61510581
 
    2.10000000  1.61510581
 
    2.20000000  1.61510581
 
    2.30000000  1.61510581
 
    2.40000000  1.61510581
 
    2.50000000  1.61510581
 
    2.60000000  1.61510581
 
    2.70000000  1.61510581
 
    2.80000000  1.61510581
 
    2.90000000  1.61510581
 
    3.00000000  1.61510581
 
    3.10000000  1.61510581
 
    3.20000000  1.61510581
 
    3.30000000  1.61510581
 
    3.40000000  1.61510581
 
    3.50000000  1.61510581
 
    3.60000000  1.61510581
 
    3.70000000  1.61510581
 
    3.80000000  1.61510581
 
    3.90000000  1.61510581
 
    4.00000000  1.61510581
 
    4.10000000  1.61510581
 
    4.20000000  1.61510581
 
    4.30000000  1.61510581
 
    4.40000000  1.61510581
 
    4.50000000  1.61510581
 
    4.60000000  1.61510581
 
    4.70000000  1.61510581
 
    4.80000000  1.61510581
 
    4.90000000  1.61510581
 
    5.00000000  1.61510581
 
    5.10000000  1.61510581
 
    5.20000000  1.61510581
 
    5.30000000  1.61510581
 
    5.40000000  1.61510581
 
    5.50000000  1.61510581
 
    5.60000000  1.61510581
 
    5.70000000  1.61510581
 
    5.80000000  1.61510581
 
    5.90000000  1.61510581
 
    6.00000000  1.61510581
 
    6.10000000  1.61510581
 
    6.20000000  1.61510581
 
    6.30000000  1.61510581
 
    6.40000000  1.61510581
 
    6.50000000  1.61510581
 
    6.60000000  1.61510581
 
    6.70000000  1.61510581
 
    6.80000000  1.61510581
 
    6.90000000  1.61510581
 
    7.00000000  1.61510581
 
    7.10000000  1.61510581
 
    7.20000000  1.61510581
 
    7.30000000  1.61510581
 
    7.40000000  1.61510581
 
    7.50000000  1.61510581
 
    7.60000000  1.61510581
 
    7.70000000  1.61510581
 
    7.80000000  1.61510581
 
    7.90000000  1.61510581
 
    8.00000000  1.61510581
 
    8.10000000  1.61510581
 
    8.20000000  1.61510581
 
    8.30000000  1.61510581
 
    8.40000000  1.61510581
 
    8.50000000  1.61510581
 
    8.60000000  1.61510581
 
    8.70000000  1.61510581
 
    8.80000000  1.61510581
 
    8.90000000  1.61510581
 
    9.00000000  1.61510581
 
    9.10000000  1.61510581
 
    9.20000000  1.61510581
 
    9.30000000  1.61510581
 
    9.40000000  1.61510581
 
    9.50000000  1.61510581
 
    9.60000000  1.61510581
 
    9.70000000  1.61510581
 
    9.80000000  1.61510581
 
    9.90000000  1.61510581
 
   10.00000000  1.61510581
 
    0.10000000  1.61424005
 
    0.20000000  1.61424005
 
    0.30000000  1.61424005
 
    0.40000000  1.61424005
 
    0.50000000  1.61424005
 
    0.60000000  1.61424005
 
    0.70000000  1.61424005
 
    0.80000000  1.61424005
 
    0.90000000  1.61424005
 
    1.00000000  1.61424005
 
    1.10000000  1.61424005
 
    1.20000000  1.61424005
 
    1.30000000  1.61424005
 
    1.40000000  1.61424005
 
    1.50000000  1.61424005
 
    1.60000000  1.61424005
 
    1.70000000  1.61424005
 
    1.80000000  1.61424005
 
    1.90000000  1.61424005
 
    2.00000000  1.61424005
 
    2.10000000  1.61424005
 
    2.20000000  1.61424005
 
    2.30000000  1.61424005
 
    2.40000000  1.61424005
 
    2.50000000  1.61424005
 
    2.60000000  1.61424005
 
    2.70000000  1.61424005
 
    2.80000000  1.61424005
 
    2.90000000  1.61424005
 
    3.00000000  1.61424005
 
    3.10000000  1.61424005
 
    3.20000000  1.61424005
 
    3.30000000  1.61424005
 
    3.40000000  1.61424005
 
    3.50000000  1.61424005
 
    3.60000000  1.61424005
 
    3.70000000  1.61424005
 
    3.80000000  1.61424005
 
    3.90000000  1.61424005
 
    4.00000000  1.61424005
 
    4.10000000  1.61424005
 
    4.20000000  1.61424005
 
    4.30000000  1.61424005
 
    4.40000000  1.61424005
 
    4.50000000  1.61424005
 
    4.60000000  1.61424005
 
    4.70000000  1.61424005
 
    4.80000000  1.61424005
 
    4.90000000  1.61424005
 
    5.00000000  1.61424005
 
    5.10000000  1.61424005
 
    5.20000000  1.61424005
 
    5.30000000  1.61424005
 
    5.40000000  1.61424005
 
    5.50000000  1.61424005
 
    5.60000000  1.61424005
 
    5.70000000  1.61424005
 
    5.80000000  1.61424005
 
    5.90000000  1.61424005
 
    6.00000000  1.61424005
 
    6.10000000  1.61424005
 
    6.20000000  1.61424005
 
    6.30000000  1.61424005
 
    6.40000000  1.61424005
 
    6.50000000  1.61424005
 
    6.60000000  1.61424005
 
    6.70000000  1.61424005
 
    6.80000000  1.61424005
 
    6.90000000  1.61424005
 
    7.00000000  1.61424005
 
    7.10000000  1.61424005
 
    7.20000000  1.61424005
 
    7.30000000  1.61424005
 
    7.40000000  1.61424005
 
    7.50000000  1.61424005
 
    7.60000000  1.61424005
 
    7.70000000  1.61424005
 
    7.80000000  1.61424005
 
    7.90000000  1.61424005
 
    8.00000000  1.61424005
 
    8.10000000  1.61424005
 
    8.20000000  1.61424005
 
    8.30000000  1.61424005
 
    8.40000000  1.61424005
 
    8.50000000  1.61424005
 
    8.60000000  1.61424005
 
    8.70000000  1.61424005
 
    8.80000000  1.61424005
 
    8.90000000  1.61424005
 
    9.00000000  1.61424005
 
    9.10000000  1.61424005
 
    9.20000000  1.61424005
 
    9.30000000  1.61424005
 
    9.40000000  1.61424005
 
    9.50000000  1.61424005
 
    9.60000000  1.61424005
 
    9.70000000  1.61424005
 
    9.80000000  1.61424005
 
    9.90000000  1.61424005
 
   10.00000000  1.61424005
 
    0.10000000  1.61354709
 
    0.20000000  1.61354709
 
    0.30000000  1.61354709
 
    0.40000000  1.61354709
 
    0.50000000  1.61354709
 
    0.60000000  1.61354709
 
    0.70000000  1.61354709
 
    0.80000000  1.61354709
 
    0.90000000  1.61354709
 
    1.00000000  1.61354709
 
    1.10000000  1.61354709
 
    1.20000000  1.61354709
 
    1.30000000  1.61354709
 
    1.40000000  1.61354709
 
    1.50000000  1.61354709
 
    1.60000000  1.61354709
 
    1.70000000  1.61354709
 
    1.80000000  1.61354709
 
    1.90000000  1.61354709
 
    2.00000000  1.61354709
 
    2.10000000  1.61354709
 
    2.20000000  1.61354709
 
    2.30000000  1.61354709
 
    2.40000000  1.61354709
 
    2.50000000  1.61354709
 
    2.60000000  1.61354709
 
    2.70000000  1.61354709
 
    2.80000000  1.61354709
 
    2.90000000  1.61354709
 
    3.00000000  1.61354709
 
    3.10000000  1.61354709
 
    3.20000000  1.61354709
 
    3.30000000  1.61354709
 
    3.40000000  1.61354709
 
    3.50000000  1.61354709
 
    3.60000000  1.61354709
 
    3.70000000  1.61354709
 
    3.80000000  1.61354709
 
    3.90000000  1.61354709
 
    4.00000000  1.61354709
 
    4.10000000  1.61354709
 
    4.20000000  1.61354709
 
    4.30000000  1.61354709
 
    4.40000000  1.61354709
 
    4.50000000  1.61354709
 
    4.60000000  1.61354709
 
    4.70000000  1.61354709
 
    4.80000000  1.61354709
 
    4.90000000  1.61354709
 
    5.00000000  1.61354709
 
    5.10000000  1.61354709
 
    5.20000000  1.61354709
 
    5.30000000  1.61354709
 
    5.40000000  1.61354709
 
    5.50000000  1.61354709
 
    5.60000000  1.61354709
 
    5.70000000  1.61354709
 
    5.80000000  1.61354709
 
    5.90000000  1.61354709
 
    6.00000000  1.61354709
 
    6.10000000  1.61354709
 
    6.20000000  1.61354709
 
    6.30000000  1.61354709
 
    6.40000000  1.61354709
 
    6.50000000  1.61354709
 
    6.60000000  1.61354709
 
    6.70000000  1.61354709
 
    6.80000000  1.61354709
 
    6.90000000  1.61354709
 
    7.00000000  1.61354709
 
    7.10000000  1.61354709
 
    7.20000000  1.61354709
 
    7.30000000  1.61354709
 
    7.40000000  1.61354709
 
    7.50000000  1.61354709
 
    7.60000000  1.61354709
 
    7.70000000  1.61354709
 
    7.80000000  1.61354709
 
    7.90000000  1.61354709
 
    8.00000000  1.61354709
 
    8.10000000  1.61354709
 
    8.20000000  1.61354709
 
    8.30000000  1.61354709
 
    8.40000000  1.61354709
 
    8.50000000  1.61354709
 
    8.60000000  1.61354709
 
    8.70000000  1.61354709
 
    8.80000000  1.61354709
 
    8.90000000  1.61354709
 
    9.00000000  1.61354709
 
    9.10000000  1.61354709
 
    9.20000000  1.61354709
 
    9.30000000  1.61354709
 
    9.40000000  1.61354709
 
    9.50000000  1.61354709
 
    9.60000000  1.61354709
 
    9.70000000  1.61354709
 
    9.80000000  1.61354709
 
    9.90000000  1.61354709
 
   10.00000000  1.61354709
 
    0.10000000  1.61297989
 
    0.20000000  1.61297989
 
    0.30000000  1.61297989
 
    0.40000000  1.61297989
 
    0.50000000  1.61297989
 
    0.60000000  1.61297989
 
    0.70000000  1.61297989
 
    0.80000000  1.61297989
 
    0.90000000  1.61297989
 
    1.00000000  1.61297989
 
    1.10000000  1.61297989
 
    1.20000000  1.61297989
 
    1.30000000  1.61297989
 
    1.40000000  1.61297989
 
    1.50000000  1.61297989
 
    1.60000000  1.61297989
 
    1.70000000  1.61297989
 
    1.80000000  1.61297989
 
    1.90000000  1.61297989
 
    2.00000000  1.61297989
 
    2.10000000  1.61297989
 
    2.20000000  1.61297989
 
    2.30000000  1.61297989
 
    2.40000000  1.61297989
 
    2.50000000  1.61297989
 
    2.60000000  1.61297989
 
    2.70000000  1.61297989
 
    2.80000000  1.61297989
 
    2.90000000  1.61297989
 
    3.00000000  1.61297989
 
    3.10000000  1.61297989
 
    3.20000000  1.61297989
 
    3.30000000  1.61297989
 
    3.40000000  1.61297989
 
    3.50000000  1.61297989
 
    3.60000000  1.61297989
 
    3.70000000  1.61297989
 
    3.80000000  1.61297989
 
    3.90000000  1.61297989
 
    4.00000000  1.61297989
 
    4.10000000  1.61297989
 
    4.20000000  1.61297989
 
    4.30000000  1.61297989
 
    4.40000000  1.61297989
 
    4.50000000  1.61297989
 
    4.60000000  1.61297989
 
    4.70000000  1.61297989
 
    4.80000000  1.61297989
 
    4.90000000  1.61297989
 
    5.00000000  1.61297989
 
    5.10000000  1.61297989
 
    5.20000000  1.61297989
 
    5.30000000  1.61297989
 
    5.40000000  1.61297989
 
    5.50000000  1.61297989
 
    5.60000000  1.61297989
 
    5.70000000  1.61297989
 
    5.80000000  1.61297989
 
    5.90000000  1.61297989
 
    6.00000000  1.61297989
 
    6.10000000  1.61297989
 
    6.20000000  1.61297989
 
    6.30000000  1.61297989
 
    6.40000000  1.61297989
 
    6.50000000  1.61297989
 
    6.60000000  1.61297989
 
    6.70000000  1.61297989
 
    6.80000000  1.61297989
 
    6.90000000  1.61297989
 
    7.00000000  1.61297989
 
    7.10000000  1.61297989
 
    7.20000000  1.61297989
 
    7.30000000  1.61297989
 
    7.40000000  1.61297989
 
    7.50000000  1.61297989
 
    7.60000000  1.61297989
 
    7.70000000  1.61297989
 
    7.80000000  1.61297989
 
    7.90000000  1.61297989
 
    8.00000000  1.61297989
 
    8.10000000  1.61297989
 
    8.20000000  1.61297989
 
    8.30000000  1.61297989
 
    8.40000000  1.61297989
 
    8.50000000  1.61297989
 
    8.60000000  1.61297989
 
    8.70000000  1.61297989
 
    8.80000000  1.61297989
 
    8.90000000  1.61297989
 
    9.00000000  1.61297989
 
    9.10000000  1.61297989
 
    9.20000000  1.61297989
 
    9.30000000  1.61297989
 
    9.40000000  1.61297989
 
    9.50000000  1.61297989
 
    9.60000000  1.61297989
 
    9.70000000  1.61297989
 
    9.80000000  1.61297989
 
    9.90000000  1.61297989
 
   10.00000000  1.61297989
 
    0.10000000  1.61250705
 
    0.20000000  1.61250705
 
    0.30000000  1.61250705
 
    0.40000000  1.61250705
 
    0.50000000  1.61250705
 
    0.60000000  1.61250705
 
    0.70000000  1.61250705
 
    0.80000000  1.61250705
 
    0.90000000  1.61250705
 
    1.00000000  1.61250705
 
    1.10000000  1.61250705
 
    1.20000000  1.61250705
 
    1.30000000  1.61250705
 
    1.40000000  1.61250705
 
    1.50000000  1.61250705
 
    1.60000000  1.61250705
 
    1.70000000  1.61250705
 
    1.80000000  1.61250705
 
    1.90000000  1.61250705
 
    2.00000000  1.61250705
 
    2.10000000  1.61250705
 
    2.20000000  1.61250705
 
    2.30000000  1.61250705
 
    2.40000000  1.61250705
 
    2.50000000  1.61250705
 
    2.60000000  1.61250705
 
    2.70000000  1.61250705
 
    2.80000000  1.61250705
 
    2.90000000  1.61250705
 
    3.00000000  1.61250705
 
    3.10000000  1.61250705
 
    3.20000000  1.61250705
 
    3.30000000  1.61250705
 
    3.40000000  1.61250705
 
    3.50000000  1.61250705
 
    3.60000000  1.61250705
 
    3.70000000  1.61250705
 
    3.80000000  1.61250705
 
    3.90000000  1.61250705
 
    4.00000000  1.61250705
 
    4.10000000  1.61250705
 
    4.20000000  1.61250705
 
    4.30000000  1.61250705
 
    4.40000000  1.61250705
 
    4.50000000  1.61250705
 
    4.60000000  1.61250705
 
    4.70000000  1.61250705
 
    4.80000000  1.61250705
 
    4.90000000  1.61250705
 
    5.00000000  1.61250705
 
    5.10000000  1.61250705
 
    5.20000000  1.61250705
 
    5.30000000  1.61250705
 
    5.40000000  1.61250705
 
    5.50000000  1.61250705
 
    5.60000000  1.61250705
 
    5.70000000  1.61250705
 
    5.80000000  1.61250705
 
    5.90000000  1.61250705
 
    6.00000000  1.61250705
 
    6.10000000  1.61250705
 
    6.20000000  1.61250705
 
    6.30000000  1.61250705
 
    6.40000000  1.61250705
 
    6.50000000  1.61250705
 
    6.60000000  1.61250705
 
    6.70000000  1.61250705
 
    6.80000000  1.61250705
 
    6.90000000  1.61250705
 
    7.00000000  1.61250705
 
    7.10000000  1.61250705
 
    7.20000000  1.61250705
 
    7.30000000  1.61250705
 
    7.40000000  1.61250705
 
    7.50000000  1.61250705
 
    7.60000000  1.61250705
 
    7.70000000  1.61250705
 
    7.80000000  1.61250705
 
    7.90000000  1.61250705
 
    8.00000000  1.61250705
 
    8.10000000  1.61250705
 
    8.20000000  1.61250705
 
    8.30000000  1.61250705
 
    8.40000000  1.61250705
 
    8.50000000  1.61250705
 
    8.60000000  1.61250705
 
    8.70000000  1.61250705
 
    8.80000000  1.61250705
 
    8.90000000  1.61250705
 
    9.00000000  1.61250705
 
    9.10000000  1.61250705
 
    9.20000000  1.61250705
 
    9.30000000  1.61250705
 
    9.40000000  1.61250705
 
    9.50000000  1.61250705
 
    9.60000000  1.61250705
 
    9.70000000  1.61250705
 
    9.80000000  1.61250705
 
    9.90000000  1.61250705
 
   10.00000000  1.61250705
 
    0.10000000  1.61210692
 
    0.20000000  1.61210692
 
    0.30000000  1.61210692
 
    0.40000000  1.61210692
 
    0.50000000  1.61210692
 
    0.60000000  1.61210692
 
    0.70000000  1.61210692
 
    0.80000000  1.61210692
 
    0.90000000  1.61210692
 
    1.00000000  1.61210692
 
    1.10000000  1.61210692
 
    1.20000000  1.61210692
 
    1.30000000  1.61210692
 
    1.40000000  1.61210692
 
    1.50000000  1.61210692
 
    1.60000000  1.61210692
 
    1.70000000  1.61210692
 
    1.80000000  1.61210692
 
    1.90000000  1.61210692
 
    2.00000000  1.61210692
 
    2.10000000  1.61210692
 
    2.20000000  1.61210692
 
    2.30000000  1.61210692
 
    2.40000000  1.61210692
 
    2.50000000  1.61210692
 
    2.60000000  1.61210692
 
    2.70000000  1.61210692
 
    2.80000000  1.61210692
 
    2.90000000  1.61210692
 
    3.00000000  1.61210692
 
    3.10000000  1.61210692
 
    3.20000000  1.61210692
 
    3.30000000  1.61210692
 
    3.40000000  1.61210692
 
    3.50000000  1.61210692
 
    3.60000000  1.61210692
 
    3.70000000  1.61210692
 
    3.80000000  1.61210692
 
    3.90000000  1.61210692
 
    4.00000000  1.61210692
 
    4.10000000  1.61210692
 
    4.20000000  1.61210692
 
    4.30000000  1.61210692
 
    4.40000000  1.61210692
 
    4.50000000  1.61210692
 
    4.60000000  1.61210692
 
    4.70000000  1.61210692
 
    4.80000000  1.61210692
 
    4.90000000  1.61210692
 
    5.00000000  1.61210692
 
    5.10000000  1.61210692
 
    5.20000000  1.61210692
 
    5.30000000  1.61210692
 
    5.40000000  1.61210692
 
    5.50000000  1.61210692
 
    5.60000000  1.61210692
 
    5.70000000  1.61210692
 
    5.80000000  1.61210692
 
    5.90000000  1.61210692
 
    6.00000000  1.61210692
 
    6.10000000  1.61210692
 
    6.20000000  1.61210692
 
    6.30000000  1.61210692
 
    6.40000000  1.61210692
 
    6.50000000  1.61210692
 
    6.60000000  1.61210692
 
    6.70000000  1.61210692
 
    6.80000000  1.61210692
 
    6.90000000  1.61210692
 
    7.00000000  1.61210692
 
    7.10000000  1.61210692
 
    7.20000000  1.61210692
 
    7.30000000  1.61210692
 
    7.40000000  1.61210692
 
    7.50000000  1.61210692
 
    7.60000000  1.61210692
 
    7.70000000  1.61210692
 
    7.80000000  1.61210692
 
    7.90000000  1.61210692
 
    8.00000000  1.61210692
 
    8.10000000  1.61210692
 
    8.20000000  1.61210692
 
    8.30000000  1.61210692
 
    8.40000000  1.61210692
 
    8.50000000  1.61210692
 
    8.60000000  1.61210692
 
    8.70000000  1.61210692
 
    8.80000000  1.61210692
 
    8.90000000  1.61210692
 
    9.00000000  1.61210692
 
    9.10000000  1.61210692
 
    9.20000000  1.61210692
 
    9.30000000  1.61210692
 
    9.40000000  1.61210692
 
    9.50000000  1.61210692
 
    9.60000000  1.61210692
 
    9.70000000  1.61210692
 
    9.80000000  1.61210692
 
    9.90000000  1.61210692
 
   10.00000000  1.61210692
 
    0.10000000  1.61176383
 
    0.20000000  1.61176383
 
    0.30000000  1.61176383
 
    0.40000000  1.61176383
 
    0.50000000  1.61176383
 
    0.60000000  1.61176383
 
    0.70000000  1.61176383
 
    0.80000000  1.61176383
 
    0.90000000  1.61176383
 
    1.00000000  1.61176383
 
    1.10000000  1.61176383
 
    1.20000000  1.61176383
 
    1.30000000  1.61176383
 
    1.40000000  1.61176383
 
    1.50000000  1.61176383
 
    1.60000000  1.61176383
 
    1.70000000  1.61176383
 
    1.80000000  1.61176383
 
    1.90000000  1.61176383
 
    2.00000000  1.61176383
 
    2.10000000  1.61176383
 
    2.20000000  1.61176383
 
    2.30000000  1.61176383
 
    2.40000000  1.61176383
 
    2.50000000  1.61176383
 
    2.60000000  1.61176383
 
    2.70000000  1.61176383
 
    2.80000000  1.61176383
 
    2.90000000  1.61176383
 
    3.00000000  1.61176383
 
    3.10000000  1.61176383
 
    3.20000000  1.61176383
 
    3.30000000  1.61176383
 
    3.40000000  1.61176383
 
    3.50000000  1.61176383
 
    3.60000000  1.61176383
 
    3.70000000  1.61176383
 
    3.80000000  1.61176383
 
    3.90000000  1.61176383
 
    4.00000000  1.61176383
 
    4.10000000  1.61176383
 
    4.20000000  1.61176383
 
    4.30000000  1.61176383
 
    4.40000000  1.61176383
 
    4.50000000  1.61176383
 
    4.60000000  1.61176383
 
    4.70000000  1.61176383
 
    4.80000000  1.61176383
 
    4.90000000  1.61176383
 
    5.00000000  1.61176383
 
    5.10000000  1.61176383
 
    5.20000000  1.61176383
 
    5.30000000  1.61176383
 
    5.40000000  1.61176383
 
    5.50000000  1.61176383
 
    5.60000000  1.61176383
 
    5.70000000  1.61176383
 
    5.80000000  1.61176383
 
    5.90000000  1.61176383
 
    6.00000000  1.61176383
 
    6.10000000  1.61176383
 
    6.20000000  1.61176383
 
    6.30000000  1.61176383
 
    6.40000000  1.61176383
 
    6.50000000  1.61176383
 
    6.60000000  1.61176383
 
    6.70000000  1.61176383
 
    6.80000000  1.61176383
 
    6.90000000  1.61176383
 
    7.00000000  1.61176383
 
    7.10000000  1.61176383
 
    7.20000000  1.61176383
 
    7.30000000  1.61176383
 
    7.40000000  1.61176383
 
    7.50000000  1.61176383
 
    7.60000000  1.61176383
 
    7.70000000  1.61176383
 
    7.80000000  1.61176383
 
    7.90000000  1.61176383
 
    8.00000000  1.61176383
 
    8.10000000  1.61176383
 
    8.20000000  1.61176383
 
    8.30000000  1.61176383
 
    8.40000000  1.61176383
 
    8.50000000  1.61176383
 
    8.60000000  1.61176383
 
    8.70000000  1.61176383
 
    8.80000000  1.61176383
 
    8.90000000  1.61176383
 
    9.00000000  1.61176383
 
    9.10000000  1.61176383
 
    9.20000000  1.61176383
 
    9.30000000  1.61176383
 
    9.40000000  1.61176383
 
    9.50000000  1.61176383
 
    9.60000000  1.61176383
 
    9.70000000  1.61176383
 
    9.80000000  1.61176383
 
    9.90000000  1.61176383
 
   10.00000000  1.61176383
 
    0.10000000  1.61146647
 
    0.20000000  1.61146647
 
    0.30000000  1.61146647
 
    0.40000000  1.61146647
 
    0.50000000  1.61146647
 
    0.60000000  1.61146647
 
    0.70000000  1.61146647
 
    0.80000000  1.61146647
 
    0.90000000  1.61146647
 
    1.00000000  1.61146647
 
    1.10000000  1.61146647
 
    1.20000000  1.61146647
 
    1.30000000  1.61146647
 
    1.40000000  1.61146647
 
    1.50000000  1.61146647
 
    1.60000000  1.61146647
 
    1.70000000  1.61146647
 
    1.80000000  1.61146647
 
    1.90000000  1.61146647
 
    2.00000000  1.61146647
 
    2.10000000  1.61146647
 
    2.20000000  1.61146647
 
    2.30000000  1.61146647
 
    2.40000000  1.61146647
 
    2.50000000  1.61146647
 
    2.60000000  1.61146647
 
    2.70000000  1.61146647
 
    2.80000000  1.61146647
 
    2.90000000  1.61146647
 
    3.00000000  1.61146647
 
    3.10000000  1.61146647
 
    3.20000000  1.61146647
 
    3.30000000  1.61146647
 
    3.40000000  1.61146647
 
    3.50000000  1.61146647
 
    3.60000000  1.61146647
 
    3.70000000  1.61146647
 
    3.80000000  1.61146647
 
    3.90000000  1.61146647
 
    4.00000000  1.61146647
 
    4.10000000  1.61146647
 
    4.20000000  1.61146647
 
    4.30000000  1.61146647
 
    4.40000000  1.61146647
 
    4.50000000  1.61146647
 
    4.60000000  1.61146647
 
    4.70000000  1.61146647
 
    4.80000000  1.61146647
 
    4.90000000  1.61146647
 
    5.00000000  1.61146647
 
    5.10000000  1.61146647
 
    5.20000000  1.61146647
 
    5.30000000  1.61146647
 
    5.40000000  1.61146647
 
    5.50000000  1.61146647
 
    5.60000000  1.61146647
 
    5.70000000  1.61146647
 
    5.80000000  1.61146647
 
    5.90000000  1.61146647
 
    6.00000000  1.61146647
 
    6.10000000  1.61146647
 
    6.20000000  1.61146647
 
    6.30000000  1.61146647
 
    6.40000000  1.61146647
 
    6.50000000  1.61146647
 
    6.60000000  1.61146647
 
    6.70000000  1.61146647
 
    6.80000000  1.61146647
 
    6.90000000  1.61146647
 
    7.00000000  1.61146647
 
    7.10000000  1.61146647
 
    7.20000000  1.61146647
 
    7.30000000  1.61146647
 
    7.40000000  1.61146647
 
    7.50000000  1.61146647
 
    7.60000000  1.61146647
 
    7.70000000  1.61146647
 
    7.80000000  1.61146647
 
    7.90000000  1.61146647
 
    8.00000000  1.61146647
 
    8.10000000  1.61146647
 
    8.20000000  1.61146647
 
    8.30000000  1.61146647
 
    8.40000000  1.61146647
 
    8.50000000  1.61146647
 
    8.60000000  1.61146647
 
    8.70000000  1.61146647
 
    8.80000000  1.61146647
 
    8.90000000  1.61146647
 
    9.00000000  1.61146647
 
    9.10000000  1.61146647
 
    9.20000000  1.61146647
 
    9.30000000  1.61146647
 
    9.40000000  1.61146647
 
    9.50000000  1.61146647
 
    9.60000000  1.61146647
 
    9.70000000  1.61146647
 
    9.80000000  1.61146647
 
    9.90000000  1.61146647
 
   10.00000000  1.61146647
 
